(120.293387,30.312282)|
(120.293384,30.312289)|
(120.293926,30.312264)|
(120.293927,30.312267)|
(120.294185,30.312254)|
(120.294182,30.312254)|
(120.293750,30.313218)|
(120.293751,30.313218)|
(120.294018,30.313269)|
(120.294025,30.31327)|
(120.294381,30.31324)|
(120.294365,30.313244)|
(120.293923,30.314051)|
(120.293923,30.314049)|
(120.293450,30.314883)|
(120.293451,30.314887)|
(120.293738,30.314954)|
(120.293736,30.314954)|
(120.294181,30.315004)|
(120.294178,30.315004)|
(120.293555,30.318039)|
(120.293553,30.318037)|
(120.293655,30.319871)|
(120.293655,30.319872)|
(120.294229,30.31992)|
(120.294230,30.319921)|
(120.294611,30.319986)|
(120.294613,30.319986)|
(120.293632,30.320571)|
(120.293632,30.320571)|
(120.294025,30.320602)|
(120.294024,30.320602)|
(120.294504,30.320695)|
(120.294504,30.320692)|
(120.293772,30.321448)|
(120.293774,30.321454)|
(120.293316,30.322611)|
(120.293309,30.322597)|
(120.293646,30.32272)|
(120.293645,30.322719)|
(120.294235,30.322771)|
(120.294233,30.322772)|
(120.292858,30.335915)|
(120.292856,30.335916)|
(120.293134,30.335964)|
(120.293135,30.335962)|
(120.294235,30.322771)|
(120.294233,30.322772)|
(120.293962,30.337248)|
(120.293966,30.337251)|
(120.294187,30.337427)|
(120.294186,30.337426)|
(120.293724,30.339391)|
(120.293725,30.33939)|
(120.292805,30.339453)|
(120.292807,30.339454)|
(120.293034,30.339543)|
(120.29303,30.339542)|
(120.293263,30.339679)|
(120.293262,30.339679)|
(120.295502,30.349231)|
(120.295501,30.349233)|
(120.295832,30.349239)|
(120.295836,30.349238)|
(120.301759,30.354457)|
(120.301759,30.354453)|
(120.302027,30.354858)|
(120.302026,30.354859)|
(120.302333,30.354752)|
(120.302334,30.354754)|
(120.303106,30.356316)|
(120.303105,30.356316)|
(120.303531,30.356076)|
(120.303519,30.356074)|
(120.303594,30.355834)|
(120.303593,30.355834)
