(120.2930672,30.33744402)|
(120.294247,30.336281)#
(120.2930468,30.33726565)|
(120.29422,30.336132)#
(120.2929612,30.33637416)|
(120.294201,30.335094)#
(120.295088,30.320584)|
(120.2945165,30.32050967)#
(120.2937052,30.31991298)|
(120.2945493,30.3200444)#
(120.2937125,30.31973929)|
(120.2938379,30.31986819)#
(120.2938379,30.31986819)|
(120.2939057,30.31991166)#
(120.2939057,30.31991166)|
(120.2939326,30.3199488)#
(120.2939326,30.3199488)|
(120.2945492,30.32002553)#
(120.294906,30.311528)|
(120.2933012,30.31342599)#
(120.2934207,30.31295611)|
(120.2934233,30.312878)#
(120.2934233,30.312878)|
(120.2934404,30.31271189)#
(120.2934233,30.312878)|
(120.2932927,30.31287221)#
(120.295489,30.34921015)|
(120.2962199,30.34873475)#
(120.2954883,30.34922753)|
(120.296622,30.348498)#
(120.298341,30.350956)|
(120.296465,30.35017)#
(120.296465,30.35017)|
(120.296154,30.350098)#
(120.296154,30.350098)|
(120.296032,30.349934)#
(120.296032,30.349934)|
(120.296244,30.349981)#
(120.296244,30.349981)|
(120.296355,30.349941)#
(120.296355,30.349941)|
(120.296497,30.349661)#
(120.296497,30.349661)|
(120.296657,30.348659)#
(120.2963954,30.35051519)|
(120.2976962,30.35113473)#
(120.2976962,30.35113473)|
(120.299092,30.351723)#
(120.2994319,30.35340606)|
(120.299575,30.35298364)#
(120.299575,30.35298364)|
(120.299912,30.352344)#
(120.2996265,30.35357659)|
(120.2996607,30.35336528)#
(120.2996607,30.35336528)|
(120.300467,30.352466)
